50,10
50,6
50,18
0,550
50,15
0,487
50,1
50,19
0,485
14,2
50,3
14,1
0,483
50,4
14,3
21,2
21,1
9,1
0,482
0,305
21,3
0,302
10,1
9,3
10,3
0,9
0,0
55,34
55,33
55,32
55,31
55,30
55,29
55,28
55,27
55,26
55,25
55,24
55,23
55,22
55,21
55,20
55,19
55,18
55,17
55,16
55,15
55,14
55,13
55,12
55,11
55,10
55,9
55,8
55,7
55,6
55,5
55,4
55,3
55,2
55,0
0,581
0,579
0,304
0,303
0,12
0,10
0,8
0,583
0,584
0,300
0,727
0,389
0,299
0,480
0,298
0,412
0,476
0,297
0,590
0,534
0,296
0,533
0,295
0,589
0,388
0,294
0,569
0,532
0,293
0,531
0,292
0,724
0,316
0,291
0,411
0,530
0,290
0,542
0,529
0,289
0,827
0,382
0,288
0,528
0,287
0,565
0,315
0,286
0,567
0,397
